A = [ 1 2 -3; 4 5 6; 7 8 9 ]
B = [ -7; 11; 17 ]

X = A\B