% Vektor

a= [ 10 20 30 40 ]
b= [ -5;-15;-40 ]
c= [ 1 3 5 0; 3 1 3 5; 5 3 1 3; 0 5 3 1 ]